0.000000000000000000e+00 0.000000000000000000e+00 0.000000000000000000e+00 0.000000000000000000e+00 0.000000000000000000e+00 0.000000000000000000e+00 0.000000000000000000e+00 0.000000000000000000e+00 0.000000000000000000e+00 0.000000000000000000e+00 0.000000000000000000e+00 0.000000000000000000e+00 0.000000000000000000e+00 0.000000000000000000e+00 0.000000000000000000e+00 0.000000000000000000e+00 0.000000000000000000e+00 0.000000000000000000e+00 0.000000000000000000e+00 0.000000000000000000e+00 0.000000000000000000e+00 0.000000000000000000e+00 0.000000000000000000e+00 0.000000000000000000e+00 0.000000000000000000e+00 0.000000000000000000e+00 0.000000000000000000e+00 0.000000000000000000e+00 0.000000000000000000e+00 0.000000000000000000e+00 0.000000000000000000e+00 0.000000000000000000e+00 0.000000000000000000e+00 0.000000000000000000e+00 0.000000000000000000e+00 0.000000000000000000e+00 0.000000000000000000e+00 0.000000000000000000e+00 0.000000000000000000e+00 0.000000000000000000e+00 0.000000000000000000e+00 0.000000000000000000e+00 0.000000000000000000e+00 0.000000000000000000e+00 0.000000000000000000e+00 0.000000000000000000e+00 0.000000000000000000e+00 0.000000000000000000e+00 0.000000000000000000e+00 0.000000000000000000e+00 0.000000000000000000e+00 0.000000000000000000e+00 0.000000000000000000e+00 0.000000000000000000e+00 0.000000000000000000e+00 0.000000000000000000e+00 0.000000000000000000e+00 0.000000000000000000e+00 0.000000000000000000e+00 0.000000000000000000e+00 0.000000000000000000e+00 0.000000000000000000e+00 0.000000000000000000e+00 0.000000000000000000e+00 0.000000000000000000e+00 0.000000000000000000e+00 0.000000000000000000e+00 0.000000000000000000e+00 0.000000000000000000e+00 0.000000000000000000e+00
0.000000000000000000e+00 0.000000000000000000e+00 0.000000000000000000e+00 0.000000000000000000e+00 0.000000000000000000e+00 0.000000000000000000e+00 0.000000000000000000e+00 0.000000000000000000e+00 0.000000000000000000e+00 0.000000000000000000e+00 0.000000000000000000e+00 0.000000000000000000e+00 0.000000000000000000e+00 0.000000000000000000e+00 0.000000000000000000e+00 0.000000000000000000e+00 0.000000000000000000e+00 0.000000000000000000e+00 0.000000000000000000e+00 0.000000000000000000e+00 0.000000000000000000e+00 0.000000000000000000e+00 0.000000000000000000e+00 0.000000000000000000e+00 0.000000000000000000e+00 0.000000000000000000e+00 0.000000000000000000e+00 0.000000000000000000e+00 0.000000000000000000e+00 0.000000000000000000e+00 0.000000000000000000e+00 0.000000000000000000e+00 0.000000000000000000e+00 0.000000000000000000e+00 0.000000000000000000e+00 0.000000000000000000e+00 0.000000000000000000e+00 0.000000000000000000e+00 0.000000000000000000e+00 0.000000000000000000e+00 0.000000000000000000e+00 0.000000000000000000e+00 0.000000000000000000e+00 0.000000000000000000e+00 0.000000000000000000e+00 0.000000000000000000e+00 0.000000000000000000e+00 0.000000000000000000e+00 0.000000000000000000e+00 0.000000000000000000e+00 0.000000000000000000e+00 0.000000000000000000e+00 0.000000000000000000e+00 0.000000000000000000e+00 0.000000000000000000e+00 0.000000000000000000e+00 0.000000000000000000e+00 0.000000000000000000e+00 0.000000000000000000e+00 0.000000000000000000e+00 0.000000000000000000e+00 0.000000000000000000e+00 0.000000000000000000e+00 0.000000000000000000e+00 0.000000000000000000e+00 0.000000000000000000e+00 0.000000000000000000e+00 0.000000000000000000e+00 0.000000000000000000e+00 0.000000000000000000e+00
0.000000000000000000e+00 0.000000000000000000e+00 0.000000000000000000e+00 0.000000000000000000e+00 0.000000000000000000e+00 0.000000000000000000e+00 0.000000000000000000e+00 0.000000000000000000e+00 0.000000000000000000e+00 0.000000000000000000e+00 0.000000000000000000e+00 0.000000000000000000e+00 0.000000000000000000e+00 0.000000000000000000e+00 0.000000000000000000e+00 0.000000000000000000e+00 0.000000000000000000e+00 0.000000000000000000e+00 0.000000000000000000e+00 0.000000000000000000e+00 0.000000000000000000e+00 0.000000000000000000e+00 0.000000000000000000e+00 0.000000000000000000e+00 0.000000000000000000e+00 0.000000000000000000e+00 0.000000000000000000e+00 0.000000000000000000e+00 0.000000000000000000e+00 0.000000000000000000e+00 0.000000000000000000e+00 0.000000000000000000e+00 0.000000000000000000e+00 0.000000000000000000e+00 0.000000000000000000e+00 0.000000000000000000e+00 0.000000000000000000e+00 0.000000000000000000e+00 0.000000000000000000e+00 0.000000000000000000e+00 0.000000000000000000e+00 0.000000000000000000e+00 0.000000000000000000e+00 0.000000000000000000e+00 0.000000000000000000e+00 0.000000000000000000e+00 0.000000000000000000e+00 0.000000000000000000e+00 0.000000000000000000e+00 0.000000000000000000e+00 0.000000000000000000e+00 0.000000000000000000e+00 0.000000000000000000e+00 0.000000000000000000e+00 0.000000000000000000e+00 0.000000000000000000e+00 0.000000000000000000e+00 0.000000000000000000e+00 0.000000000000000000e+00 0.000000000000000000e+00 0.000000000000000000e+00 0.000000000000000000e+00 0.000000000000000000e+00 0.000000000000000000e+00 0.000000000000000000e+00 0.000000000000000000e+00 0.000000000000000000e+00 0.000000000000000000e+00 0.000000000000000000e+00 0.000000000000000000e+00
0.000000000000000000e+00 0.000000000000000000e+00 0.000000000000000000e+00 0.000000000000000000e+00 1.089352457403709984e+01 2.187838151566774059e+01 2.255023013489208239e+01 0.000000000000000000e+00 0.000000000000000000e+00 3.272258382058469550e+01 3.457972909059047595e+01 3.184954596045358954e+01 0.000000000000000000e+00 0.000000000000000000e+00 2.564005836156056617e+01 2.512847378375069596e+01 3.418756118087504348e+01 4.266079904223962416e+01 3.666278453671216653e+01 4.886215370683873971e+01 0.000000000000000000e+00 3.862688287922241415e+01 6.694761572278235917e+01 0.000000000000000000e+00 5.415761337359909078e+01 4.374195830878961999e+01 0.000000000000000000e+00 0.000000000000000000e+00 3.758225559184697318e+01 5.159132326373271127e+01 2.782863960973806883e+01 0.000000000000000000e+00 3.977562523131321370e+01 0.000000000000000000e+00 0.000000000000000000e+00 5.623598328733017837e+01 0.000000000000000000e+00 0.000000000000000000e+00 0.000000000000000000e+00 0.000000000000000000e+00 0.000000000000000000e+00 0.000000000000000000e+00 0.000000000000000000e+00 6.637061943921879958e+01 0.000000000000000000e+00 6.373743487006665731e+01 6.564892881119975243e+01 0.000000000000000000e+00 4.556352540676861906e+01 0.000000000000000000e+00 0.000000000000000000e+00 3.242279754985743523e+01 5.490615431173443284e+01 7.011067192450998675e+01 4.809524638409888553e+01 4.708815810397767621e+01 3.832436619079609841e+01 5.790798210627445286e+01 5.805445186384379497e+01 4.442581078418001539e+01 0.000000000000000000e+00 0.000000000000000000e+00 0.000000000000000000e+00 0.000000000000000000e+00 0.000000000000000000e+00 0.000000000000000000e+00 0.000000000000000000e+00 0.000000000000000000e+00 0.000000000000000000e+00 8.493991780208821751e+01
0.000000000000000000e+00 0.000000000000000000e+00 0.000000000000000000e+00 1.089352457403709984e+01 0.000000000000000000e+00 2.880497446104806514e+01 2.552518219322488591e+01 1.857446032561705707e+01 0.000000000000000000e+00 2.568267996139789133e+01 3.095824517088908223e+01 3.337798995660580914e+01 0.000000000000000000e+00 0.000000000000000000e+00 2.538302134878512817e+01 2.068504313632382008e+01 3.758278061691204641e+01 0.000000000000000000e+00 0.000000000000000000e+00 4.167729074635610687e+01 0.000000000000000000e+00 0.000000000000000000e+00 7.311691057983402686e+01 0.000000000000000000e+00 6.405162670637552935e+01 0.000000000000000000e+00 0.000000000000000000e+00 0.000000000000000000e+00 4.530155142678589186e+01 4.864999471951184518e+01 2.459381163112841406e+01 0.000000000000000000e+00 3.446427076031323367e+01 0.000000000000000000e+00 0.000000000000000000e+00 4.980801890442776170e+01 0.000000000000000000e+00 4.212787103028647095e+01 4.765564612704112335e+01 6.122519038125128077e+01 0.000000000000000000e+00 0.000000000000000000e+00 0.000000000000000000e+00 0.000000000000000000e+00 0.000000000000000000e+00 5.609388942707924031e+01 0.000000000000000000e+00 0.000000000000000000e+00 0.000000000000000000e+00 0.000000000000000000e+00 4.379283656999218977e+01 0.000000000000000000e+00 5.282244173505842610e+01 0.000000000000000000e+00 0.000000000000000000e+00 4.009123899662352386e+01 2.764437985037539036e+01 0.000000000000000000e+00 5.158033859905678042e+01 3.451304351296778350e+01 0.000000000000000000e+00 0.000000000000000000e+00 0.000000000000000000e+00 0.000000000000000000e+00 0.000000000000000000e+00 2.213417111743221710e+01 0.000000000000000000e+00 0.000000000000000000e+00 0.000000000000000000e+00 7.737356765917837720e+01
0.000000000000000000e+00 0.000000000000000000e+00 0.000000000000000000e+00 2.187838151566774059e+01 2.880497446104806514e+01 0.000000000000000000e+00 1.760915411182742218e+01 1.915807371148671834e+01 0.000000000000000000e+00 4.141470910995025179e+01 0.000000000000000000e+00 1.719960272347994490e+01 0.000000000000000000e+00 0.000000000000000000e+00 3.405665421014239058e+01 3.635308500434721424e+01 2.602513592615744997e+01 0.000000000000000000e+00 0.000000000000000000e+00 0.000000000000000000e+00 0.000000000000000000e+00 2.750363127758623705e+01 4.619521759111100323e+01 0.000000000000000000e+00 4.967017470073054852e+01 3.657532017348606246e+01 2.047736155107468647e+01 0.000000000000000000e+00 4.646456164097031660e+01 4.141963446613937094e+01 2.521542307695150598e+01 0.000000000000000000e+00 3.659601437111778210e+01 0.000000000000000000e+00 0.000000000000000000e+00 5.291636268088502248e+01 0.000000000000000000e+00 0.000000000000000000e+00 5.716624987141031511e+01 0.000000000000000000e+00 0.000000000000000000e+00 0.000000000000000000e+00 0.000000000000000000e+00 0.000000000000000000e+00 0.000000000000000000e+00 8.456935989034548129e+01 0.000000000000000000e+00 0.000000000000000000e+00 3.009375511989470198e+01 0.000000000000000000e+00 2.231968603204611412e+01 0.000000000000000000e+00 0.000000000000000000e+00 0.000000000000000000e+00 0.000000000000000000e+00 4.632849150731665588e+01 5.015310528990041661e+01 0.000000000000000000e+00 5.467747936577798384e+01 5.217024747815760577e+01 0.000000000000000000e+00 0.000000000000000000e+00 0.000000000000000000e+00 0.000000000000000000e+00 0.000000000000000000e+00 0.000000000000000000e+00 0.000000000000000000e+00 0.000000000000000000e+00 0.000000000000000000e+00 1.059738536638066790e+02
0.000000000000000000e+00 0.000000000000000000e+00 0.000000000000000000e+00 2.255023013489208239e+01 2.552518219322488591e+01 1.760915411182742218e+01 0.000000000000000000e+00 8.105076766803033905e+00 0.000000000000000000e+00 0.000000000000000000e+00 1.936405344422418651e+01 2.023108180523419719e+01 0.000000000000000000e+00 0.000000000000000000e+00 4.255878993936576649e+01 4.086635821922779854e+01 0.000000000000000000e+00 5.035981881515958491e+01 4.504223085155273054e+01 5.736951577445237405e+01 5.139858549013979427e+01 0.000000000000000000e+00 5.953392870444363894e+01 2.571283609419771210e+01 6.425246068533870414e+01 5.213972357074837305e+01 3.490783111540015682e+01 0.000000000000000000e+00 5.629141214991435760e+01 4.070650627196522464e+01 2.653377016040528602e+01 0.000000000000000000e+00 3.293696446565169111e+01 3.700807661169275065e+01 0.000000000000000000e+00 0.000000000000000000e+00 4.467333014601700825e+01 6.196176401886236107e+01 6.314318990720537528e+01 8.043384516341649260e+01 0.000000000000000000e+00 0.000000000000000000e+00 0.000000000000000000e+00 8.632664688539144038e+01 0.000000000000000000e+00 7.956894110494249617e+01 5.302732595761047207e+01 0.000000000000000000e+00 3.540604781825446423e+01 0.000000000000000000e+00 3.979000049758485602e+01 0.000000000000000000e+00 7.574742606736874961e+01 0.000000000000000000e+00 3.649678795331822556e+01 4.170908382440264717e+01 0.000000000000000000e+00 0.000000000000000000e+00 0.000000000000000000e+00 0.000000000000000000e+00 0.000000000000000000e+00 0.000000000000000000e+00 2.933608317366564577e+01 2.675500264702293052e+01 0.000000000000000000e+00 2.641749648115900229e+01 0.000000000000000000e+00 0.000000000000000000e+00 0.000000000000000000e+00 9.992592820742503079e+01
0.000000000000000000e+00 0.000000000000000000e+00 0.000000000000000000e+00 0.000000000000000000e+00 1.857446032561705707e+01 1.915807371148671834e+01 8.105076766803033905e+00 0.000000000000000000e+00 0.000000000000000000e+00 0.000000000000000000e+00 1.715245741824086778e+01 2.001015730095145528e+01 0.000000000000000000e+00 0.000000000000000000e+00 0.000000000000000000e+00 3.381534574526387615e+01 0.000000000000000000e+00 0.000000000000000000e+00 0.000000000000000000e+00 4.995985442619745953e+01 0.000000000000000000e+00 0.000000000000000000e+00 6.257684777109098917e+01 0.000000000000000000e+00 6.561683781992894637e+01 5.344745492224389238e+01 0.000000000000000000e+00 0.000000000000000000e+00 5.467976292270718375e+01 3.842187348223625776e+01 2.073475607407073085e+01 0.000000000000000000e+00 2.792062274255698284e+01 0.000000000000000000e+00 0.000000000000000000e+00 0.000000000000000000e+00 0.000000000000000000e+00 0.000000000000000000e+00 6.053442974328045523e+01 7.678310248593167842e+01 0.000000000000000000e+00 0.000000000000000000e+00 0.000000000000000000e+00 8.092486426394260945e+01 0.000000000000000000e+00 0.000000000000000000e+00 0.000000000000000000e+00 6.173174826732552845e+01 0.000000000000000000e+00 0.000000000000000000e+00 4.060691966142711351e+01 0.000000000000000000e+00 7.044594476144453665e+01 0.000000000000000000e+00 3.658145023957068531e+01 3.617208394631554569e+01 0.000000000000000000e+00 0.000000000000000000e+00 0.000000000000000000e+00 0.000000000000000000e+00 0.000000000000000000e+00 0.000000000000000000e+00 0.000000000000000000e+00 0.000000000000000000e+00 0.000000000000000000e+00 2.016031155648408202e+01 0.000000000000000000e+00 0.000000000000000000e+00 0.000000000000000000e+00 9.332084983383687415e+01
0.000000000000000000e+00 0.000000000000000000e+00 0.000000000000000000e+00 0.000000000000000000e+00 0.000000000000000000e+00 0.000000000000000000e+00 0.000000000000000000e+00 0.000000000000000000e+00 0.000000000000000000e+00 0.000000000000000000e+00 0.000000000000000000e+00 0.000000000000000000e+00 0.000000000000000000e+00 0.000000000000000000e+00 0.000000000000000000e+00 0.000000000000000000e+00 0.000000000000000000e+00 0.000000000000000000e+00 0.000000000000000000e+00 0.000000000000000000e+00 0.000000000000000000e+00 0.000000000000000000e+00 0.000000000000000000e+00 0.000000000000000000e+00 0.000000000000000000e+00 0.000000000000000000e+00 0.000000000000000000e+00 0.000000000000000000e+00 0.000000000000000000e+00 0.000000000000000000e+00 0.000000000000000000e+00 0.000000000000000000e+00 0.000000000000000000e+00 0.000000000000000000e+00 0.000000000000000000e+00 0.000000000000000000e+00 0.000000000000000000e+00 0.000000000000000000e+00 0.000000000000000000e+00 0.000000000000000000e+00 0.000000000000000000e+00 0.000000000000000000e+00 0.000000000000000000e+00 0.000000000000000000e+00 0.000000000000000000e+00 0.000000000000000000e+00 0.000000000000000000e+00 0.000000000000000000e+00 0.000000000000000000e+00 0.000000000000000000e+00 0.000000000000000000e+00 0.000000000000000000e+00 0.000000000000000000e+00 0.000000000000000000e+00 0.000000000000000000e+00 0.000000000000000000e+00 0.000000000000000000e+00 0.000000000000000000e+00 0.000000000000000000e+00 0.000000000000000000e+00 0.000000000000000000e+00 0.000000000000000000e+00 0.000000000000000000e+00 0.000000000000000000e+00 0.000000000000000000e+00 0.000000000000000000e+00 0.000000000000000000e+00 0.000000000000000000e+00 0.000000000000000000e+00 0.000000000000000000e+00
0.000000000000000000e+00 0.000000000000000000e+00 0.000000000000000000e+00 3.272258382058469550e+01 2.568267996139789133e+01 4.141470910995025179e+01 0.000000000000000000e+00 0.000000000000000000e+00 0.000000000000000000e+00 0.000000000000000000e+00 1.783879071373692327e+01 0.000000000000000000e+00 0.000000000000000000e+00 0.000000000000000000e+00 4.864254131425165184e+01 4.161283483363669689e+01 0.000000000000000000e+00 0.000000000000000000e+00 0.000000000000000000e+00 5.118042984010148899e+01 0.000000000000000000e+00 0.000000000000000000e+00 0.000000000000000000e+00 0.000000000000000000e+00 0.000000000000000000e+00 0.000000000000000000e+00 0.000000000000000000e+00 0.000000000000000000e+00 0.000000000000000000e+00 4.511585488964495738e+01 0.000000000000000000e+00 0.000000000000000000e+00 3.107732801188518224e+01 0.000000000000000000e+00 0.000000000000000000e+00 3.968155212528208153e+01 0.000000000000000000e+00 0.000000000000000000e+00 0.000000000000000000e+00 0.000000000000000000e+00 0.000000000000000000e+00 0.000000000000000000e+00 0.000000000000000000e+00 0.000000000000000000e+00 0.000000000000000000e+00 6.244692693413319518e+01 0.000000000000000000e+00 0.000000000000000000e+00 0.000000000000000000e+00 0.000000000000000000e+00 0.000000000000000000e+00 5.384275686108696846e+01 6.981768101233410562e+01 7.605189179701933710e+01 0.000000000000000000e+00 3.383401305720067143e+01 2.541176443086578729e+01 5.093007186459520597e+01 4.054673403517890762e+01 2.538427223409811262e+01 0.000000000000000000e+00 0.000000000000000000e+00 0.000000000000000000e+00 0.000000000000000000e+00 0.000000000000000000e+00 0.000000000000000000e+00 0.000000000000000000e+00 0.000000000000000000e+00 0.000000000000000000e+00 8.086427678226731075e+01
0.000000000000000000e+00 0.000000000000000000e+00 0.000000000000000000e+00 3.457972909059047595e+01 3.095824517088908223e+01 0.000000000000000000e+00 1.936405344422418651e+01 1.715245741824086778e+01 0.000000000000000000e+00 1.783879071373692327e+01 0.000000000000000000e+00 0.000000000000000000e+00 0.000000000000000000e+00 0.000000000000000000e+00 0.000000000000000000e+00 0.000000000000000000e+00 0.000000000000000000e+00 0.000000000000000000e+00 0.000000000000000000e+00 0.000000000000000000e+00 0.000000000000000000e+00 0.000000000000000000e+00 0.000000000000000000e+00 0.000000000000000000e+00 0.000000000000000000e+00 0.000000000000000000e+00 0.000000000000000000e+00 0.000000000000000000e+00 0.000000000000000000e+00 3.064779115313789859e+01 0.000000000000000000e+00 0.000000000000000000e+00 0.000000000000000000e+00 0.000000000000000000e+00 0.000000000000000000e+00 0.000000000000000000e+00 0.000000000000000000e+00 0.000000000000000000e+00 0.000000000000000000e+00 0.000000000000000000e+00 0.000000000000000000e+00 0.000000000000000000e+00 0.000000000000000000e+00 0.000000000000000000e+00 0.000000000000000000e+00 0.000000000000000000e+00 0.000000000000000000e+00 0.000000000000000000e+00 0.000000000000000000e+00 0.000000000000000000e+00 0.000000000000000000e+00 0.000000000000000000e+00 0.000000000000000000e+00 0.000000000000000000e+00 0.000000000000000000e+00 2.737023621928134531e+01 3.420240692746468625e+01 0.000000000000000000e+00 0.000000000000000000e+00 0.000000000000000000e+00 0.000000000000000000e+00 0.000000000000000000e+00 0.000000000000000000e+00 0.000000000000000000e+00 0.000000000000000000e+00 0.000000000000000000e+00 0.000000000000000000e+00 0.000000000000000000e+00 0.000000000000000000e+00 0.000000000000000000e+00
0.000000000000000000e+00 0.000000000000000000e+00 0.000000000000000000e+00 3.184954596045358954e+01 3.337798995660580914e+01 1.719960272347994490e+01 2.023108180523419719e+01 2.001015730095145528e+01 0.000000000000000000e+00 0.000000000000000000e+00 0.000000000000000000e+00 0.000000000000000000e+00 0.000000000000000000e+00 0.000000000000000000e+00 3.913983461863185198e+01 0.000000000000000000e+00 0.000000000000000000e+00 0.000000000000000000e+00 0.000000000000000000e+00 0.000000000000000000e+00 0.000000000000000000e+00 1.889320769829094004e+01 4.577027891908409174e+01 0.000000000000000000e+00 0.000000000000000000e+00 0.000000000000000000e+00 0.000000000000000000e+00 0.000000000000000000e+00 0.000000000000000000e+00 2.449530020180795375e+01 1.672256852323276632e+01 0.000000000000000000e+00 2.278129995876748026e+01 0.000000000000000000e+00 0.000000000000000000e+00 0.000000000000000000e+00 0.000000000000000000e+00 0.000000000000000000e+00 0.000000000000000000e+00 0.000000000000000000e+00 0.000000000000000000e+00 0.000000000000000000e+00 0.000000000000000000e+00 0.000000000000000000e+00 0.000000000000000000e+00 8.758012964477586593e+01 3.525865766213934904e+01 0.000000000000000000e+00 1.539301937577191914e+01 0.000000000000000000e+00 0.000000000000000000e+00 0.000000000000000000e+00 0.000000000000000000e+00 0.000000000000000000e+00 1.702442789083407604e+01 0.000000000000000000e+00 0.000000000000000000e+00 0.000000000000000000e+00 0.000000000000000000e+00 0.000000000000000000e+00 0.000000000000000000e+00 0.000000000000000000e+00 0.000000000000000000e+00 0.000000000000000000e+00 0.000000000000000000e+00 1.836585077791206189e+01 0.000000000000000000e+00 0.000000000000000000e+00 0.000000000000000000e+00 1.087470569969277108e+02
0.000000000000000000e+00 0.000000000000000000e+00 0.000000000000000000e+00 0.000000000000000000e+00 0.000000000000000000e+00 0.000000000000000000e+00 0.000000000000000000e+00 0.000000000000000000e+00 0.000000000000000000e+00 0.000000000000000000e+00 0.000000000000000000e+00 0.000000000000000000e+00 0.000000000000000000e+00 0.000000000000000000e+00 0.000000000000000000e+00 0.000000000000000000e+00 0.000000000000000000e+00 0.000000000000000000e+00 0.000000000000000000e+00 0.000000000000000000e+00 0.000000000000000000e+00 0.000000000000000000e+00 0.000000000000000000e+00 0.000000000000000000e+00 0.000000000000000000e+00 0.000000000000000000e+00 0.000000000000000000e+00 0.000000000000000000e+00 0.000000000000000000e+00 0.000000000000000000e+00 0.000000000000000000e+00 0.000000000000000000e+00 0.000000000000000000e+00 0.000000000000000000e+00 0.000000000000000000e+00 0.000000000000000000e+00 0.000000000000000000e+00 0.000000000000000000e+00 0.000000000000000000e+00 0.000000000000000000e+00 0.000000000000000000e+00 0.000000000000000000e+00 0.000000000000000000e+00 0.000000000000000000e+00 0.000000000000000000e+00 0.000000000000000000e+00 0.000000000000000000e+00 0.000000000000000000e+00 0.000000000000000000e+00 0.000000000000000000e+00 0.000000000000000000e+00 0.000000000000000000e+00 0.000000000000000000e+00 0.000000000000000000e+00 0.000000000000000000e+00 0.000000000000000000e+00 0.000000000000000000e+00 0.000000000000000000e+00 0.000000000000000000e+00 0.000000000000000000e+00 0.000000000000000000e+00 0.000000000000000000e+00 0.000000000000000000e+00 0.000000000000000000e+00 0.000000000000000000e+00 0.000000000000000000e+00 0.000000000000000000e+00 0.000000000000000000e+00 0.000000000000000000e+00 0.000000000000000000e+00
0.000000000000000000e+00 0.000000000000000000e+00 0.000000000000000000e+00 0.000000000000000000e+00 0.000000000000000000e+00 0.000000000000000000e+00 0.000000000000000000e+00 0.000000000000000000e+00 0.000000000000000000e+00 0.000000000000000000e+00 0.000000000000000000e+00 0.000000000000000000e+00 0.000000000000000000e+00 0.000000000000000000e+00 0.000000000000000000e+00 0.000000000000000000e+00 0.000000000000000000e+00 0.000000000000000000e+00 0.000000000000000000e+00 0.000000000000000000e+00 0.000000000000000000e+00 0.000000000000000000e+00 0.000000000000000000e+00 0.000000000000000000e+00 0.000000000000000000e+00 0.000000000000000000e+00 0.000000000000000000e+00 0.000000000000000000e+00 0.000000000000000000e+00 0.000000000000000000e+00 0.000000000000000000e+00 0.000000000000000000e+00 0.000000000000000000e+00 0.000000000000000000e+00 0.000000000000000000e+00 0.000000000000000000e+00 0.000000000000000000e+00 0.000000000000000000e+00 0.000000000000000000e+00 0.000000000000000000e+00 0.000000000000000000e+00 0.000000000000000000e+00 0.000000000000000000e+00 0.000000000000000000e+00 0.000000000000000000e+00 0.000000000000000000e+00 0.000000000000000000e+00 0.000000000000000000e+00 0.000000000000000000e+00 0.000000000000000000e+00 0.000000000000000000e+00 0.000000000000000000e+00 0.000000000000000000e+00 0.000000000000000000e+00 0.000000000000000000e+00 0.000000000000000000e+00 0.000000000000000000e+00 0.000000000000000000e+00 0.000000000000000000e+00 0.000000000000000000e+00 0.000000000000000000e+00 0.000000000000000000e+00 0.000000000000000000e+00 0.000000000000000000e+00 0.000000000000000000e+00 0.000000000000000000e+00 0.000000000000000000e+00 0.000000000000000000e+00 0.000000000000000000e+00 0.000000000000000000e+00
0.000000000000000000e+00 0.000000000000000000e+00 0.000000000000000000e+00 2.564005836156056617e+01 2.538302134878512817e+01 3.405665421014239058e+01 4.255878993936576649e+01 0.000000000000000000e+00 0.000000000000000000e+00 4.864254131425165184e+01 0.000000000000000000e+00 3.913983461863185198e+01 0.000000000000000000e+00 0.000000000000000000e+00 0.000000000000000000e+00 9.893248795326051948e+00 2.273740795546861548e+01 2.326978745797084258e+01 1.867634304207252072e+01 3.255652068949711975e+01 3.466543698028116438e+01 3.228673175008658802e+01 6.628830125890024760e+01 2.379372438179805371e+01 0.000000000000000000e+00 4.463326541251620938e+01 0.000000000000000000e+00 0.000000000000000000e+00 3.807765073994223570e+01 5.183363234036038136e+01 0.000000000000000000e+00 0.000000000000000000e+00 4.141931096802784396e+01 0.000000000000000000e+00 0.000000000000000000e+00 0.000000000000000000e+00 0.000000000000000000e+00 0.000000000000000000e+00 0.000000000000000000e+00 0.000000000000000000e+00 0.000000000000000000e+00 0.000000000000000000e+00 0.000000000000000000e+00 6.646280142253442591e+01 0.000000000000000000e+00 6.322768339487637945e+01 6.591212655731162329e+01 0.000000000000000000e+00 4.594893277684773381e+01 0.000000000000000000e+00 3.543009032719128015e+01 0.000000000000000000e+00 5.453934605386746881e+01 6.953373934093960429e+01 4.943582099259437257e+01 4.658474278222772824e+01 3.950770268642930461e+01 5.735143000772654887e+01 0.000000000000000000e+00 4.644030179166568928e+01 0.000000000000000000e+00 0.000000000000000000e+00 0.000000000000000000e+00 0.000000000000000000e+00 0.000000000000000000e+00 0.000000000000000000e+00 0.000000000000000000e+00 0.000000000000000000e+00 6.342096709742676097e+01 8.491849642492648798e+01
0.000000000000000000e+00 0.000000000000000000e+00 0.000000000000000000e+00 2.512847378375069596e+01 2.068504313632382008e+01 3.635308500434721424e+01 4.086635821922779854e+01 3.381534574526387615e+01 0.000000000000000000e+00 4.161283483363669689e+01 0.000000000000000000e+00 0.000000000000000000e+00 0.000000000000000000e+00 0.000000000000000000e+00 9.893248795326051948e+00 0.000000000000000000e+00 2.877007233408895104e+01 2.570860415052418446e+01 1.870769820267281602e+01 2.631479513680408999e+01 3.111253338248883438e+01 3.325937420151407053e+01 7.162395914466635816e+01 0.000000000000000000e+00 6.337067414743517446e+01 5.313336204872042146e+01 4.906114093114912578e+01 0.000000000000000000e+00 4.507733246639096336e+01 4.855768301892921102e+01 2.482091876525901952e+01 0.000000000000000000e+00 3.593912492572390249e+01 0.000000000000000000e+00 0.000000000000000000e+00 0.000000000000000000e+00 0.000000000000000000e+00 0.000000000000000000e+00 4.885466756277580913e+01 6.151109377981100579e+01 0.000000000000000000e+00 0.000000000000000000e+00 0.000000000000000000e+00 6.415142617104994827e+01 0.000000000000000000e+00 5.665416994525489969e+01 6.745339479212199763e+01 0.000000000000000000e+00 0.000000000000000000e+00 0.000000000000000000e+00 0.000000000000000000e+00 3.189400655307725785e+01 5.307235430861568659e+01 0.000000000000000000e+00 4.927351945850836046e+01 3.979344490623573449e+01 2.980754990546977368e+01 0.000000000000000000e+00 0.000000000000000000e+00 0.000000000000000000e+00 0.000000000000000000e+00 0.000000000000000000e+00 0.000000000000000000e+00 0.000000000000000000e+00 0.000000000000000000e+00 2.213613988749928652e+01 0.000000000000000000e+00 0.000000000000000000e+00 0.000000000000000000e+00 7.838672305498209880e+01
0.000000000000000000e+00 0.000000000000000000e+00 0.000000000000000000e+00 3.418756118087504348e+01 3.758278061691204641e+01 2.602513592615744997e+01 0.000000000000000000e+00 0.000000000000000000e+00 0.000000000000000000e+00 0.000000000000000000e+00 0.000000000000000000e+00 0.000000000000000000e+00 0.000000000000000000e+00 0.000000000000000000e+00 2.273740795546861548e+01 2.877007233408895104e+01 0.000000000000000000e+00 1.787491123766675827e+01 1.939189865783183109e+01 4.170182670965251504e+01 3.306874196492848483e+01 1.747162942943153752e+01 4.410050338400644421e+01 0.000000000000000000e+00 4.901075980300711876e+01 3.653690308372721773e+01 0.000000000000000000e+00 0.000000000000000000e+00 4.652144722461266468e+01 4.219740033760917441e+01 0.000000000000000000e+00 0.000000000000000000e+00 0.000000000000000000e+00 0.000000000000000000e+00 0.000000000000000000e+00 0.000000000000000000e+00 0.000000000000000000e+00 0.000000000000000000e+00 5.860254401796682799e+01 7.737362433305304421e+01 0.000000000000000000e+00 0.000000000000000000e+00 0.000000000000000000e+00 0.000000000000000000e+00 0.000000000000000000e+00 0.000000000000000000e+00 4.608887430443508038e+01 0.000000000000000000e+00 3.070281403192397107e+01 0.000000000000000000e+00 0.000000000000000000e+00 0.000000000000000000e+00 7.607845784387953358e+01 0.000000000000000000e+00 3.378820109816433614e+01 0.000000000000000000e+00 0.000000000000000000e+00 0.000000000000000000e+00 0.000000000000000000e+00 0.000000000000000000e+00 0.000000000000000000e+00 0.000000000000000000e+00 0.000000000000000000e+00 0.000000000000000000e+00 0.000000000000000000e+00 0.000000000000000000e+00 0.000000000000000000e+00 0.000000000000000000e+00 0.000000000000000000e+00 1.069154967164762411e+02
0.000000000000000000e+00 0.000000000000000000e+00 0.000000000000000000e+00 4.266079904223962416e+01 0.000000000000000000e+00 0.000000000000000000e+00 5.035981881515958491e+01 0.000000000000000000e+00 0.000000000000000000e+00 0.000000000000000000e+00 0.000000000000000000e+00 0.000000000000000000e+00 0.000000000000000000e+00 0.000000000000000000e+00 2.326978745797084258e+01 2.570860415052418446e+01 1.787491123766675827e+01 0.000000000000000000e+00 8.154549241644259538e+00 0.000000000000000000e+00 1.929678332373991623e+01 2.031203701393796379e+01 5.645613664938529297e+01 2.468125968949225069e+01 6.429672689088577897e+01 5.293534078209503946e+01 4.096473392438215910e+01 0.000000000000000000e+00 5.713958289776174837e+01 4.053025490257869734e+01 2.755234056812031795e+01 3.837706214340661859e+01 3.649578740697186419e+01 3.923419983657685606e+01 5.580702092836826012e+01 4.887368472175292311e+01 4.818157889735581989e+01 6.045388781061033256e+01 6.626576342045510160e+01 8.155906392496345347e+01 0.000000000000000000e+00 6.031598681031002229e+01 6.525488582708564422e+01 8.769208976414259382e+01 0.000000000000000000e+00 8.011397860530996695e+01 5.216002172373746504e+01 0.000000000000000000e+00 3.515686206614046938e+01 0.000000000000000000e+00 0.000000000000000000e+00 5.497454191270955448e+01 7.636839821842757203e+01 8.915259049845320760e+01 3.864048320962970706e+01 4.059753641950424452e+01 0.000000000000000000e+00 7.118056569801859723e+01 5.104534176608481744e+01 4.875535153919818754e+01 0.000000000000000000e+00 0.000000000000000000e+00 3.233201591062086067e+01 0.000000000000000000e+00 4.601545367679612042e+01 2.696985281904972354e+01 0.000000000000000000e+00 4.457575084814024535e+01 0.000000000000000000e+00 1.012940159958255464e+02
0.000000000000000000e+00 0.000000000000000000e+00 0.000000000000000000e+00 3.666278453671216653e+01 0.000000000000000000e+00 0.000000000000000000e+00 4.504223085155273054e+01 0.000000000000000000e+00 0.000000000000000000e+00 0.000000000000000000e+00 0.000000000000000000e+00 0.000000000000000000e+00 0.000000000000000000e+00 0.000000000000000000e+00 1.867634304207252072e+01 1.870769820267281602e+01 1.939189865783183109e+01 8.154549241644259538e+00 0.000000000000000000e+00 0.000000000000000000e+00 1.711655275927773090e+01 2.002008083434520103e+01 6.010498202856921068e+01 2.004618981264907873e+01 6.541240665090026596e+01 5.380033727412210709e+01 0.000000000000000000e+00 0.000000000000000000e+00 5.515987113915817019e+01 3.821162338573557804e+01 2.157246581666546703e+01 0.000000000000000000e+00 0.000000000000000000e+00 0.000000000000000000e+00 0.000000000000000000e+00 0.000000000000000000e+00 0.000000000000000000e+00 0.000000000000000000e+00 6.292678301042780475e+01 7.759914893548449299e+01 0.000000000000000000e+00 0.000000000000000000e+00 0.000000000000000000e+00 8.203076286614169987e+01 0.000000000000000000e+00 0.000000000000000000e+00 0.000000000000000000e+00 0.000000000000000000e+00 0.000000000000000000e+00 0.000000000000000000e+00 0.000000000000000000e+00 4.955373878707733581e+01 7.091308926698516757e+01 0.000000000000000000e+00 0.000000000000000000e+00 0.000000000000000000e+00 0.000000000000000000e+00 0.000000000000000000e+00 0.000000000000000000e+00 0.000000000000000000e+00 0.000000000000000000e+00 0.000000000000000000e+00 0.000000000000000000e+00 0.000000000000000000e+00 0.000000000000000000e+00 2.053702218269340207e+01 0.000000000000000000e+00 0.000000000000000000e+00 0.000000000000000000e+00 9.451519064636718781e+01
0.000000000000000000e+00 0.000000000000000000e+00 0.000000000000000000e+00 4.886215370683873971e+01 4.167729074635610687e+01 0.000000000000000000e+00 5.736951577445237405e+01 4.995985442619745953e+01 0.000000000000000000e+00 5.118042984010148899e+01 0.000000000000000000e+00 0.000000000000000000e+00 0.000000000000000000e+00 0.000000000000000000e+00 3.255652068949711975e+01 2.631479513680408999e+01 4.170182670965251504e+01 0.000000000000000000e+00 0.000000000000000000e+00 0.000000000000000000e+00 1.765342401202866540e+01 0.000000000000000000e+00 0.000000000000000000e+00 0.000000000000000000e+00 0.000000000000000000e+00 0.000000000000000000e+00 0.000000000000000000e+00 0.000000000000000000e+00 0.000000000000000000e+00 4.464848706007569490e+01 3.268229583739183397e+01 0.000000000000000000e+00 3.458127443822252189e+01 0.000000000000000000e+00 0.000000000000000000e+00 0.000000000000000000e+00 0.000000000000000000e+00 0.000000000000000000e+00 0.000000000000000000e+00 0.000000000000000000e+00 0.000000000000000000e+00 0.000000000000000000e+00 0.000000000000000000e+00 7.928723013690012067e+01 6.156789377083987347e+01 6.322243509723778487e+01 0.000000000000000000e+00 0.000000000000000000e+00 0.000000000000000000e+00 0.000000000000000000e+00 0.000000000000000000e+00 5.427840487277719461e+01 7.053131312298971523e+01 7.663605126397102651e+01 0.000000000000000000e+00 3.213574491908133268e+01 2.997023238543060941e+01 5.153921976639419711e+01 4.320440808594450743e+01 3.253564368852679678e+01 0.000000000000000000e+00 0.000000000000000000e+00 0.000000000000000000e+00 0.000000000000000000e+00 0.000000000000000000e+00 0.000000000000000000e+00 0.000000000000000000e+00 0.000000000000000000e+00 0.000000000000000000e+00 8.268378504937835771e+01
0.000000000000000000e+00 0.000000000000000000e+00 0.000000000000000000e+00 0.000000000000000000e+00 0.000000000000000000e+00 0.000000000000000000e+00 5.139858549013979427e+01 0.000000000000000000e+00 0.000000000000000000e+00 0.000000000000000000e+00 0.000000000000000000e+00 0.000000000000000000e+00 0.000000000000000000e+00 0.000000000000000000e+00 3.466543698028116438e+01 3.111253338248883438e+01 3.306874196492848483e+01 1.929678332373991623e+01 1.711655275927773090e+01 1.765342401202866540e+01 0.000000000000000000e+00 2.391409146367638172e+01 6.558139469175208092e+01 2.899167560092790552e+01 0.000000000000000000e+00 0.000000000000000000e+00 0.000000000000000000e+00 0.000000000000000000e+00 0.000000000000000000e+00 3.012296664504119548e+01 0.000000000000000000e+00 0.000000000000000000e+00 0.000000000000000000e+00 0.000000000000000000e+00 0.000000000000000000e+00 0.000000000000000000e+00 0.000000000000000000e+00 0.000000000000000000e+00 0.000000000000000000e+00 0.000000000000000000e+00 0.000000000000000000e+00 0.000000000000000000e+00 0.000000000000000000e+00 9.246586410256043109e+01 0.000000000000000000e+00 7.819858083955452344e+01 0.000000000000000000e+00 0.000000000000000000e+00 0.000000000000000000e+00 0.000000000000000000e+00 0.000000000000000000e+00 0.000000000000000000e+00 8.249373541211878091e+01 9.117267960550283590e+01 0.000000000000000000e+00 2.545597831104974773e+01 3.716007806132228808e+01 0.000000000000000000e+00 0.000000000000000000e+00 0.000000000000000000e+00 0.000000000000000000e+00 0.000000000000000000e+00 0.000000000000000000e+00 0.000000000000000000e+00 0.000000000000000000e+00 0.000000000000000000e+00 0.000000000000000000e+00 0.000000000000000000e+00 0.000000000000000000e+00 9.838814763079437853e+01
0.000000000000000000e+00 0.000000000000000000e+00 0.000000000000000000e+00 3.862688287922241415e+01 0.000000000000000000e+00 2.750363127758623705e+01 0.000000000000000000e+00 0.000000000000000000e+00 0.000000000000000000e+00 0.000000000000000000e+00 0.000000000000000000e+00 1.889320769829094004e+01 0.000000000000000000e+00 0.000000000000000000e+00 3.228673175008658802e+01 3.325937420151407053e+01 1.747162942943153752e+01 2.031203701393796379e+01 2.002008083434520103e+01 0.000000000000000000e+00 2.391409146367638172e+01 0.000000000000000000e+00 4.370371906101801329e+01 0.000000000000000000e+00 0.000000000000000000e+00 0.000000000000000000e+00 0.000000000000000000e+00 0.000000000000000000e+00 0.000000000000000000e+00 2.492203959902268551e+01 0.000000000000000000e+00 0.000000000000000000e+00 2.530029127995365101e+01 0.000000000000000000e+00 0.000000000000000000e+00 0.000000000000000000e+00 0.000000000000000000e+00 0.000000000000000000e+00 0.000000000000000000e+00 0.000000000000000000e+00 0.000000000000000000e+00 0.000000000000000000e+00 0.000000000000000000e+00 0.000000000000000000e+00 0.000000000000000000e+00 8.797594261543540028e+01 3.463674725740064986e+01 0.000000000000000000e+00 1.524290350679310002e+01 3.838185012274767871e+01 3.285387495919475498e+01 0.000000000000000000e+00 0.000000000000000000e+00 0.000000000000000000e+00 1.877068534421151114e+01 0.000000000000000000e+00 0.000000000000000000e+00 0.000000000000000000e+00 0.000000000000000000e+00 0.000000000000000000e+00 0.000000000000000000e+00 0.000000000000000000e+00 0.000000000000000000e+00 0.000000000000000000e+00 0.000000000000000000e+00 0.000000000000000000e+00 0.000000000000000000e+00 0.000000000000000000e+00 0.000000000000000000e+00 1.094626242249283194e+02
